NAME	= sinksfilled
DESCRIPTION	= 
UNIT	= 
DATAFORMAT	= FLOAT
DATAFILE_OFFSET	= 0
BYTEORDER_BIG	= FALSE
TOPTOBOTTOM	= FALSE
POSITION_XMIN	= 939212.5000000000000000
POSITION_YMIN	= 1054512.5000000000000000
CELLCOUNT_X	= 1372
CELLCOUNT_Y	= 1520
CELLSIZE	= 25.0000000000000000
Z_FACTOR	= 1.000000
Z_OFFSET	= 0.000000
NODATA_VALUE	= -99999.000000;-99999.000000
